- subscription_id: faf5cab6-1daa-4138-b9c0-0cdd93a72fd4
  tenant_id: 49fb7d6e-10c9-4cd9-bdcc-dff26fcb9ac1
  customer_id: e996cfa4-ea76-4dec-a2c9-59379cb23cb0
  transaction_id: 96e39385-b6b3-4adb-bf68-d53f13560aac
  subscription_status_id: 2
  amount: 1000
  plan: 1
  updated_at: 2023-11-03T09:08:27.895635Z
  created_at: 2023-11-03T09:08:27.895635Z

- subscription_id: 27f475a8-692a-40f4-b7a6-0aabfb4c5fb5
  tenant_id: 2b105ca1-9c86-4d22-8563-fa69b60d19ca
  customer_id: 5e34b087-f089-49e3-af9a-8800701a91d4
  transaction_id: 00d72f50-c740-4902-89b9-e4f60b953903
  subscription_status_id: 2
  amount: 1000
  plan: 1
  updated_at: 2023-11-03T09:08:27.895635Z
  created_at: 2023-11-03T09:08:27.895635Z